0 8
703.0 1865.0 0 0
603.333 1162.67 0 0
705.0 895.333 0 0
1002.0 1023.0 0 0
540.333 1793.33 0 0
827.0 1496.0 0 0
791.0 736.0 0 0
379.0 1076.0 0 0
5 12
256.0 320.0 64.0 128.0
563.0 976.0 60.0 60.0
874.0 1377.0 64.0 104.0
473.0 1330.0 64.0 128.0
406.667 1723.33 60.0 60.0
1141.0 1460.0 60.0 60.0
438.667 1694.0 56.0 60.0
640.0 1408.0 128.0 192.0
493.0 1595.0 64.0 128.0
892.0 1244.0 128.0 192.0
1152.0 832.0 128.0 192.0
1175.0 1487.0 56.0 60.0
1 22
195.162 315.532 1187.33 113.358
772.468 1870.99 841.418 162.44
1244.6 1826.58 361.108 181.139
128.55 1849.95 511.863 140.236
93.4909 1766.98 257.1 64.275
108.683 1604.54 177.633 156.597
107.515 1035.41 122.707 559.777
86.4791 524.718 73.6241 529.392
170.621 438.238 53.7573 111.02
239.57 446.419 53.7573 42.0709
542.0 1569.33 138.667 124.0
614.667 1501.33 184.667 136.667
511.333 748.0 390.667 81.3333
912.667 807.333 51.3333 407.333
834.0 1138.67 66.6667 140.0
769.333 1202.0 60.6667 74.0
512.667 1194.0 126.0 82.6667
450.0 812.667 61.3333 464.0
584.0 835.333 56.6667 181.333
772.667 833.333 60.0 192.0
1306.67 1020.0 112.0 802.667
1236.0 441.333 66.6667 646.667
2 1
644.833 1976.33 114.917 3.83333
