0 6
700.0 1843.67 0 0
577.623 313.072 0 0
1242.74 1197.13 0 0
852.71 1451.59 0 0
706.858 761.71 0 0
88.0097 837.598 0 0
4 0
5 74
563.0 976.0 60.0 60.0
870.333 1099.33 64.0 128.0
1175.0 1487.0 56.0 60.0
1009.33 1553.33 128.0 192.0
1157.33 1464.0 128.0 192.0
906.667 968.0 128.0 192.0
386.667 510.66700000000003 128.0 192.0
1.33333 1245.33 128.0 192.0
96.0 1369.33 128.0 192.0
372.0 1002.6700000000001 128.0 192.0
1414.67 1269.33 64.0 128.0
1310.67 1397.33 64.0 128.0
702.667 1337.33 64.0 128.0
657.333 1382.67 64.0 128.0
56.0 1358.67 64.0 128.0
360.0 1076.0 64.0 128.0
356.0 612.0 64.0 128.0
586.667 836.0 64.0 128.0
769.333 814.667 64.0 128.0
913.333 1077.33 128.0 192.0
269.333 858.6700000000001 128.0 192.0
1024.0 656.0 128.0 192.0
1068.0 773.333 128.0 192.0
1378.67 373.33299999999997 128.0 192.0
300.0 666.667 128.0 192.0
784.0 820.0 128.0 192.0
562.667 1376.0 128.0 192.0
138.667 1488.0 128.0 192.0
482.667 1362.67 128.0 192.0
1096.0 1538.67 128.0 192.0
846.667 1681.33 128.0 192.0
434.667 1728.0 128.0 192.0
439.741 1436.65 128.0 192.0
1374.67 1346.67 128.0 192.0
976.0 725.333 128.0 192.0
822.667 448.0 128.0 192.0
346.667 1349.33 128.0 192.0
780.0 109.33300000000003 128.0 192.0
1165.33 177.33300000000003 128.0 192.0
161.333 56.0 128.0 192.0
457.333 -28.0 128.0 192.0
1069.33 181.33300000000003 128.0 192.0
664.0 34.667 128.0 192.0
-65.3333 212.0 128.0 192.0
126.667 121.33300000000003 128.0 192.0
400.0 20.0 128.0 192.0
1252.0 121.33300000000003 128.0 192.0
1165.33 108.0 128.0 192.0
881.333 -26.667 128.0 192.0
1386.67 58.667 128.0 192.0
952.0 90.667 64.0 128.0
504.0 84.0 64.0 128.0
240.0 138.66699999999997 64.0 128.0
129.333 224.0 64.0 128.0
-5.33333 324.0 64.0 128.0
213.333 1588.0 64.0 128.0
1042.67 868.0 64.0 128.0
990.667 1185.33 64.0 128.0
828.0 1164.0 64.0 128.0
501.333 1085.33 64.0 128.0
376.0 789.333 64.0 128.0
521.333 489.33299999999997 64.0 128.0
566.667 510.66700000000003 64.0 128.0
780.0 482.66700000000003 64.0 128.0
1350.67 386.66700000000003 64.0 128.0
938.0 616.667 60.0 60.0
219.333 1448.67 60.0 60.0
0.666667 1128.67 60.0 60.0
514.0 691.333 60.0 60.0
843.333 759.333 60.0 60.0
1133.33 950.0 56.0 60.0
1260.0 1491.33 56.0 60.0
792.0 1323.33 56.0 60.0
534.667 1014.0 56.0 60.0
1 47
551.596 1622.07 73.6241 351.759
784.155 1709.71 134.393 255.931
851.936 1651.28 102.84 74.7927
910.367 1589.34 120.369 52.5886
976.98 1515.72 279.304 80.6359
1168.64 1460.79 102.84 43.2395
1228.24 1397.69 87.6477 45.5768
1291.34 1325.23 100.503 57.2632
1363.8 1253.95 104.009 65.4436
1415.22 556.271 75.9613 688.327
1286.67 499.008 118.032 73.6241
1225.9 440.576 57.2632 70.1182
1156.95 389.156 60.7691 59.6004
968.799 330.724 201.005 60.7691
714.037 258.269 252.425 68.9495
402.011 225.547 308.52 35.0591
272.292 239.57 171.789 84.1418
191.656 309.689 120.369 77.13
126.213 383.313 122.707 73.6241
61.9377 458.105 118.032 54.9259
7.01182 522.38 116.864 122.707
12.855 660.279 42.0709 538.741
68.9495 1079.82 42.0709 257.1
120.369 1262.13 75.9613 199.837
215.029 1378.99 399.673 101.671
615.871 1336.92 107.515 120.369
721.048 1280.82 94.6595 123.875
780.649 1097.35 82.9731 248.919
851.936 971.136 89.985 137.899
451.093 952.438 182.307 186.982
275.798 1149.94 345.916 58.4318
237.233 1050.6 88.8163 82.9731
217.366 883.489 96.9968 195.162
271.124 639.244 120.369 280.473
322.544 570.294 94.6595 70.1182
390.324 509.525 628.726 119.201
1028.4 571.463 47.9141 115.695
1083.33 629.895 65.4436 120.369
1159.29 703.519 70.1182 130.887
1236.42 772.468 35.0591 380.975
1158.12 1145.26 65.4436 148.417
1072.81 1272.64 64.275 56.0945
886.995 1319.39 196.331 24.5414
830.9 1349.77 53.7573 61.9377
746.758 1422.23 84.1418 49.0827
639.244 1478.32 126.213 59.6004
587.824 1550.78 114.526 51.42
2 1
647.875 1952.42 114.917 3.83333
