0 7
771.0 1849.0 0 0
1050.0 1726.0 0 0
484.0 1667.0 0 0
576.0 1264.0 0 0
769.0 262.0 0 0
576.0 689.0 0 0
959.0 940.0 0 0
5 0
1 25
848.0 1832.0 18.0 92.667
680.0 1852.0 14.0 69.9997
420.667 1742.0 148.667 18.0003
880.666 1806.0 230.667 18.0
1098.66 1694.0 69.3334 122.0
867.333 1667.33 276.667 48.6667
421.333 1658.0 17.3334 81.3333
428.666 1629.34 178.0 20.6667
654.0 1361.33 31.333 228.667
654.0 1361.33 31.333 228.667
862.666 1042.0 404.667 617.333
646.666 790.0 50.6663 428.0
436.667 1237.33 70.0003 182.667
1034.67 878.0 92.6667 149.333
839.333 160.0 189.333 738.0
461.333 650.666 38.0003 160.0
470.667 163.333 232.0 481.333
706.667 156.0 131.333 39.3333
586.333 1751.0 19.3337 18.0003
610.333 1771.67 19.3337 18.0003
628.333 1801.67 19.3337 18.0003
660.333 1823.0 19.3337 18.0003
525.0 1360.67 105.334 35.3337
423.667 1209.33 222.667 12.0003
510.333 788.667 126.667 31.3333
2 1
709.5 1915.0 114.917 3.83333
